YYYYMM	서울특별시	부산광역시	대구광역시	인천광역시	광주광역시	대전광역시	울산광역시	경기도	강원도	충청북도	충청남도	전라북도	전라남도	경상북도	경상남도	제주특별자치도	세종특별자치시	전국
2003-06	53.38749405	60.81003066	54.73141573	63.50534371	53.21719784	59.82587625	56.42729569	51.43818159	59.64692357	52.53357027	53.387527	53.94726135	63.59577474	57.02840689	54.75459729	59.8033565	0	54.38559368
2003-07	52.89031652	60.38268337	54.20745766	63.44783406	53.45797494	59.09701603	55.87778383	51.03133984	59.65560105	52.01297509	53.40574794	54.37335521	63.86808466	56.95221624	54.77130068	60.26643965	0	54.11380624
2003-08	52.8044706	60.29604173	54.02695591	63.5137907	53.871438	59.06970763	55.49834807	50.90497272	59.95358266	51.58994893	54.23903641	54.10350976	63.82454441	56.77927982	54.92775735	60.44519317	0	54.07594014
2003-09	53.10959752	60.38123061	54.17543249	63.66988431	54.2751633	59.50699137	55.16275635	51.22711089	61.21730637	51.62463932	55.59156746	54.73791271	63.81046695	56.94896476	55.19223125	60.08463099	0	54.39003105
2003-10	53.16432335	60.65279847	54.31527751	63.70187261	54.86305756	59.81210436	55.13419318	51.34534865	62.07634192	51.83375958	55.44165207	54.8010602	63.56437679	56.98007618	55.52300922	60.66832867	0	54.54005077
2003-11	52.75389524	60.46868004	53.97303679	63.06517052	55.22649449	59.77241195	54.89709776	50.97473263	62.00213432	51.46252028	55.28450516	54.8971449	63.71843061	57.03195099	55.27297745	61.42539947	0	54.27463383
2003-12	52.25423807	59.87320769	53.07397232	62.16837407	55.04651584	59.56843187	54.3340286	50.43798016	61.64011838	50.87960418	54.34631878	54.93913724	63.86843269	56.97377026	54.88320151	61.35760564	0	53.77919208
2004-01	52.07382228	59.63353442	52.7980656	61.85980851	54.99974039	59.96772571	54.33885359	50.2734173	61.86507752	50.92317699	54.16295971	54.98536203	63.72686971	56.89410835	54.81065956	61.16887461	0	53.65096729
2004-02	52.35494062	59.65466979	52.90208925	62.16051954	55.19316766	60.84226437	54.88051638	50.47203181	62.8380293	51.45870638	55.33060934	55.39321447	63.73791494	57.28542789	54.8803454	61.88974312	0	53.93639955
2004-03	52.66410588	59.88399313	53.07960579	62.23661518	55.53704399	61.2095347	55.22270916	50.8464098	63.32747508	51.85173335	56.12630252	55.92299112	64.18561308	57.38428811	55.26532223	61.88974312	0	54.26023183
2004-04	52.70635908	60.05770086	53.2207131	62.29426916	55.71157847	61.43023603	55.38885353	50.96748088	63.29850308	52.28284804	56.19323493	56.13517434	64.35449211	57.62060443	55.34900043	62.01142931	0	54.38273891
2004-05	52.60193818	59.96577585	53.22803225	62.12159965	55.72506171	61.54047585	55.36831402	50.858094	63.6559952	52.57514927	56.07526277	56.44480035	64.39139286	57.67786314	55.49145149	61.97123892	0	54.35446672
2004-06	52.12547462	59.55843235	52.70471093	61.89887766	55.92813006	61.17812433	55.08746935	50.50079006	63.77466147	52.60249457	55.16420806	56.72571725	64.4750666	57.7445779	55.29886363	61.82707879	0	54.05793835
2004-07	51.76463366	59.01593001	52.17824739	61.58365824	55.98050296	60.88181837	54.84969264	49.99299913	63.8352296	52.63786713	54.22385532	56.77253139	64.41376412	57.80570318	55.15331468	61.76989485	0	53.71790826
2004-08	51.1936499	58.70731683	52.00529684	60.96475915	55.88058714	60.26992704	54.69426309	49.23378295	64.03739708	52.74153487	52.92113534	57.10521627	63.98917727	57.59858614	54.85174652	61.6263788	0	53.25980697
2004-09	50.94066174	58.54675831	52.10677855	60.30993333	56.19620515	59.99688302	54.86718108	48.94017679	64.29217511	52.78425324	51.68345036	57.42030326	63.87339193	57.4965384	54.80106288	61.68767633	0	53.0771809
2004-10	50.74841253	58.42800752	52.17609369	59.75166078	56.75154758	59.89767469	54.90007168	48.70281951	64.62368408	52.8416049	51.25879423	57.42488751	63.81828461	57.67598303	54.6763356	61.61929981	0	52.95617551
2004-11	50.39189252	58.04784161	52.35442147	59.12276221	57.08140157	58.99499135	54.71354658	48.15476036	64.62701167	52.69241114	50.81595859	57.5045659	63.65960052	57.73712029	54.71044801	61.64229707	0	52.65313559
2004-12	49.96095486	57.44183501	52.52681613	58.29604009	57.2490998	58.35616887	54.59520854	47.66031843	64.45511022	52.28820471	50.61364371	57.57277497	63.41950114	57.76942397	54.56741392	61.56011046	0	52.304247
2005-01	49.64477091	56.96160153	52.74905654	57.65228049	57.28863733	58.30679919	54.57622985	47.34642888	64.42603302	52.08287738	50.62894563	57.57205677	63.22188112	57.79348306	54.40633262	61.63936776	0	52.0784227
2005-02	49.75896909	56.754996	53.21262073	57.72367186	57.61107726	58.62965897	54.65110592	47.68779806	64.42227946	52.42102099	52.41851195	57.84628667	63.31881202	57.94954838	54.43304607	61.52728912	0	52.30456892
2005-03	49.89296574	56.57786317	53.58269891	58.39485966	57.82015411	59.17960893	54.77960472	48.28741622	64.71617217	52.67984641	53.92966954	58.30055758	63.1658997	58.40363207	54.64637453	61.50531402	0	52.65634201
2005-04	50.06908195	56.61431757	54.04268218	58.70831125	58.10872911	59.32779872	54.81561554	48.85069504	65.37461038	52.81933073	55.08074102	58.65820957	63.43135572	58.69922757	54.76405795	61.69653362	0	52.98365617
2005-05	50.110166	56.57614152	54.59964611	58.76157997	58.36334245	59.41194981	55.01937131	49.23369509	65.59419953	53.26427327	55.51119077	58.83683907	63.53452248	58.97812248	54.90403312	61.61380038	0	53.19620397
2005-06	50.31530653	56.37685515	54.96752566	58.70819659	58.52351996	59.43289725	55.13923744	49.75648674	65.47568143	53.31560681	55.65224572	58.93806857	63.6947752	59.37456065	54.88442855	61.61358619	0	53.40580627
2005-07	50.49073798	56.19181154	55.32906993	58.7134537	58.66037948	59.42957103	55.46213135	50.13066007	65.5296859	53.51681201	55.83522564	58.97991037	63.81119838	59.62688925	54.91135221	61.61358619	0	53.58405185
2005-08	50.82285604	56.09952806	55.66931638	58.60609694	58.87257087	59.41350623	55.71830844	50.53121734	65.70322401	53.66259377	55.95749809	59.34284423	63.8235045	59.74824946	54.92624534	61.62654417	0	53.80707448
2005-09	51.71162774	56.27161033	56.16642514	58.8397143	59.06473232	59.60979474	56.15757329	51.52954137	66.25375306	54.09583978	56.5281661	59.67572036	64.03146351	60.08873036	54.96672079	61.53502929	0	54.39595721
2005-10	52.48221319	56.61754854	57.14623918	58.89090238	59.29071527	59.7893262	56.24935507	52.30868058	66.58089094	54.37748415	56.74601353	60.33876265	64.03682895	60.51927001	55.08612884	61.60613351	0	54.92915283
2005-11	52.8200726	56.82553747	57.66308563	58.86666196	59.59661503	59.61858352	56.05453251	52.6412673	66.59855859	54.59567656	56.9390515	60.35285269	64.10377027	61.0083692	55.25261114	61.72491729	0	55.17027836
2005-12	53.03745868	56.83513734	58.1577279	58.92924894	59.77914552	59.61926939	56.14972222	52.73025132	66.69141709	54.87158225	56.82771372	60.58818731	64.20810728	61.03719667	55.3693475	61.67984745	0	55.30965631
2006-01	53.49364803	56.75344738	58.65141075	59.21356251	60.00769415	59.60909291	56.42485774	52.94108636	67.22374527	55.26180824	56.9066873	60.97386767	64.37969218	61.30250716	55.50942581	62.09039065	0	55.57515819
2006-02	53.97741832	56.76937205	59.14359888	59.62697991	60.34591799	59.51511107	56.6611629	53.3630846	67.3046805	55.56910342	57.17825164	61.18077796	64.49417651	61.73741006	55.62940531	62.07212501	0	55.9043493
2006-03	54.77367958	56.80529258	59.50897249	60.36930753	60.66453147	59.4092328	57.12715636	54.00831805	67.52020134	56.07405672	57.51251817	61.61996679	64.62477695	62.15493556	55.81491077	62.05487465	0	56.39544439
2006-04	55.4034648	56.74243145	59.83189362	60.9327742	60.98327074	59.17844098	57.82599226	54.50897287	67.8086284	56.61585587	57.79012385	61.84307039	64.84866251	62.4952164	55.89762642	62.13591332	0	56.7829151
2006-05	55.76104127	56.63824042	59.83683913	61.34864159	61.03916954	58.9792816	58.67674605	55.02252586	67.96500037	56.74407377	57.83119113	62.08038652	65.2209565	63.15332637	56.16049404	62.36268641	0	57.08143458
2006-06	55.86734723	56.45440851	59.55189706	61.51973875	61.27108253	58.83127338	59.14328481	55.13867745	67.93959439	56.72027347	57.59951816	62.38143259	65.4863334	63.37051307	56.16779486	62.48784236	0	57.14516613
2006-07	55.97847818	56.27262448	59.4054067	61.54718984	61.36413544	58.81421643	59.40614909	55.23831342	67.91008121	56.67977701	57.40264894	62.64552309	65.99604398	63.53063963	56.12769927	62.26107431	0	57.19572329
2006-08	56.20163106	56.26893469	58.99481647	61.71541718	61.44932545	58.70627761	59.59328259	55.478363	67.6923222	56.55378714	57.41552472	63.09353927	66.24185419	63.58327424	56.28593164	62.26107431	0	57.31592004
2006-09	56.88866921	56.46951807	59.1954784	62.17851071	61.56597714	58.76763848	60.10182716	56.31608067	67.78686991	56.66478412	57.34347161	63.37892904	66.6629241	63.84514744	56.52125612	62.26107431	0	57.79072423
2006-10	57.82812567	56.88867331	59.29810999	62.89298143	61.8184707	58.94390987	61.15055731	57.48430954	67.82212176	56.74663959	57.37125591	63.9387555	67.55309802	64.20388967	56.74530486	62.33868278	0	58.47455188
2006-11	58.79629361	57.11595337	59.42865623	63.83467632	61.9270857	59.23597815	62.68083942	58.6674457	67.70804286	56.74003909	57.33376786	64.61268668	67.76963399	64.41111526	56.80385331	62.4054357	0	59.15259562
2006-12	59.12570667	57.28062911	59.61314768	64.76314306	61.96635789	59.42559359	63.68010014	59.25471904	67.4017129	56.759699	57.42609981	65.04232253	67.96976	64.76654425	57.01263523	62.80864284	0	59.5277131
2007-01	59.51305183	57.30441779	59.67555937	65.35563018	61.98914746	59.7839779	64.41321235	59.73037031	67.39326962	56.73951989	57.44388692	65.31628067	68.01849597	65.25891673	57.17871021	63.11200744	0	59.84095339
2007-02	59.75154318	57.42314987	59.52920786	65.82357715	62.07798671	60.01679859	64.8816958	59.99781621	67.40620179	56.72195964	57.66015217	65.5809148	68.23405429	65.50188897	57.32423416	63.3770669	0	60.04733327
2007-03	60.11332146	57.57301887	59.3290145	66.25542366	62.18266662	60.05935735	65.13820072	60.36812675	67.25873734	56.83153294	57.86363953	65.72080211	68.33162381	65.89071414	57.71088073	63.53001112	0	60.30119301
2007-04	60.37484053	57.80497551	59.13099175	66.73035698	62.27649983	60.08447978	65.42880675	60.55991886	67.4065417	56.94234675	57.93239921	65.83197915	68.41163892	66.13732907	57.91495281	63.53001112	0	60.48420229
2007-05	60.34403757	57.92654845	58.79996632	66.87554644	62.2468629	60.06126467	65.52898835	60.39493489	67.36173552	56.7724999	57.99576862	66.01352672	68.54090346	66.28475723	58.09033535	63.53001112	0	60.45366112
2007-06	60.31911662	58.00206182	58.29877656	67.08933957	62.26701135	60.08276133	65.69883426	60.25128144	67.33747296	56.69199937	57.9835445	66.034931	68.53714257	66.38475648	58.28648465	63.75455672	0	60.41880795
2007-07	60.36499794	58.06989949	57.895091	67.06907197	62.38774699	60.22436216	65.76113217	60.19519426	67.18762163	56.68430842	58.03031029	66.12474319	68.73295146	66.40655744	58.38073965	63.70257582	0	60.41580871
2007-08	60.45794099	58.13543456	57.75702565	67.03828626	62.41570925	60.28836417	65.75808125	60.25156498	67.18286054	56.68972388	58.10157796	66.20933278	68.98879233	66.48437454	58.46907967	63.8598406	0	60.46445988
2007-09	60.50619418	58.30921469	57.76484771	66.87932772	62.43563169	60.42840256	65.74827363	60.45208119	67.10121665	56.74067482	58.22266958	66.29346987	69.19963686	66.64568855	58.59529842	64.07190903	0	60.5576047
2007-10	60.54161013	58.47617892	57.93134188	66.71899055	62.51421345	60.6514865	65.80401599	60.51774977	67.10359876	56.78210137	58.28007554	66.50237462	69.25285955	66.67187846	58.74711256	64.07405502	0	60.62992365
2007-11	60.48357966	58.69343035	57.94254099	66.61175225	62.58287168	60.74986327	65.68819675	60.47178718	67.07357154	56.68045205	58.20916897	66.78552899	69.29497294	66.6795073	58.92983863	64.30185733	0	60.63890634
2007-12	60.41846388	58.92478115	57.93759288	66.43266544	62.62478827	60.91051341	65.56119519	60.42771295	67.03084643	56.72632316	58.10234725	67.01821776	69.94221132	66.65043128	59.02968111	64.24456492	0	60.64731715
2008-01	60.54017979	59.15095808	57.77431402	66.33884495	62.72539404	61.04749574	65.71506954	60.45077554	66.92587829	56.88535529	57.92254373	67.37441373	69.93729394	66.55185296	59.16244828	64.30345137	0	60.70988326
2008-02	60.70325761	59.28016309	57.69260677	66.37861848	62.79628306	61.2253374	65.72074939	60.61853843	66.87832836	57.31430966	57.76584876	67.66268227	70.10560418	66.48273304	59.19950755	64.30345137	0	60.82411757
2008-03	61.12045492	59.68486472	57.70839632	66.5927799	63.02876507	61.45361471	65.62290202	61.03011513	66.74626012	57.70094843	57.89666655	68.12989122	70.44318311	66.58795325	59.35656649	64.3976311	0	61.12637692
2008-04	61.50907457	59.95014653	57.57793745	66.99373561	63.50115327	61.62918324	65.82707044	61.5009714	66.62063596	58.09370008	58.01152559	68.91001871	71.12429433	66.7790036	59.70929561	64.39972239	0	61.47273239
2008-05	61.6240335	60.03467964	57.53573723	67.18788408	63.85489287	61.78526462	65.85462	61.68596563	66.62734254	58.13672933	58.18533215	69.38278943	71.40586226	66.7309286	59.82462032	64.52720303	0	61.61397734
2008-06	61.64622989	60.14798279	57.47042268	67.53465539	64.17895193	61.93792871	65.87082127	61.78550442	66.56825756	58.31452087	58.4567543	70.06432766	71.51969927	66.69498121	60.0037945	64.53751308	0	61.73479209
2008-07	61.68981733	60.23323606	57.43644827	67.87997372	64.35445119	62.06632105	65.69964778	61.86067717	66.4808033	58.38049861	58.58649875	70.40571775	71.77541288	66.63175305	60.07626853	64.59887675	0	61.81795269
2008-08	61.68820829	60.32222506	57.37355619	68.19516804	64.53077736	62.28021748	65.59628154	61.88730775	66.44966022	58.48048058	58.86713676	70.67195356	71.84246685	66.55184143	60.27906094	64.75047214	0	61.8898696
2008-09	61.74522062	60.60239239	57.36682723	69.04841649	64.69960676	62.53707792	65.4771046	62.06778183	66.33434466	58.57569897	59.76894138	70.89402374	72.14595639	66.41118673	60.76695561	65.31931212	0	62.10218024
2008-10	61.60775288	60.84361178	57.29772469	69.83332151	64.89517056	62.82608217	65.46884958	62.07188407	66.3121914	58.66425223	60.22171623	70.74980744	72.99646151	66.31007298	61.26319298	65.84532984	0	62.21034298
2008-11	60.99881618	60.99103534	56.96351866	69.85886323	65.10818807	63.19394383	65.45813133	61.47122264	66.36246374	58.63817667	60.40345884	70.39973134	73.36943754	65.94912276	61.57394184	66.27188685	0	61.95702109
2008-12	59.35931317	61.03185079	55.93953813	69.17928173	65.21723496	63.30481098	64.88022422	60.12852887	66.31571091	58.47174268	60.20085111	69.91071984	73.41245287	64.58390809	61.55679569	66.27188685	0	61.10423696
2009-01	58.36196001	61.03551239	54.90473149	68.50905147	65.13919631	63.17366297	64.54979966	58.79119692	66.08464736	58.47950645	59.8020555	69.4540438	73.03625328	63.86008932	61.47100004	67.24909626	0	60.36754872
2009-02	58.48232455	61.18233139	53.99448825	68.10787892	65.07034038	63.2922238	64.25303272	58.44609615	65.99622112	58.54772166	59.54078587	69.45578354	73.10541476	63.49902195	61.53878984	67.32871925	0	60.21561198
2009-03	58.86831569	61.36816867	53.67417655	68.02844854	64.98739189	63.3502529	64.10075826	58.59185609	65.93901547	58.54728357	59.30384498	69.99939032	73.38454162	63.16182833	61.7155838	67.32892345	0	60.33508409
2009-04	59.23634117	61.50228571	53.51710383	67.89653924	64.98195097	63.4672259	64.08361072	58.78091328	65.91428708	58.64413616	59.33793747	70.46891802	73.48253527	63.12680944	61.85380417	67.66418123	0	60.48638756
2009-05	59.47578539	61.76305799	53.47603412	67.964972	64.92755325	63.63152672	64.05123544	59.11751981	65.93484832	58.71067329	59.36984941	70.67493941	73.53712562	63.11390768	61.86667805	67.67587626	0	60.66223994
2009-06	59.91437124	61.93616915	53.47922852	68.08310716	64.90364768	63.96170014	64.11372103	59.4429277	65.90484209	58.72742684	59.30584844	70.94923182	73.75075815	63.21453649	62.06808912	67.71719874	0	60.89861799
2009-07	60.44254146	62.09611536	53.61169758	68.25506501	64.92573763	64.3814382	64.38378314	59.84752071	65.91331953	58.75889115	59.36348285	71.25210693	73.74158055	63.17075158	62.18279881	67.54255282	0	61.18538386
2009-08	61.01947935	62.30034425	53.84783619	68.51648838	64.95319558	64.77198422	64.71772674	60.33385197	65.96449011	59.06863187	59.43928872	71.6249634	73.87062854	63.23949501	62.26350976	67.885515	0	61.53702876
2009-09	62.72145968	63.13417077	54.41072208	69.65197059	65.04172837	66.20161733	65.43849781	61.86412732	66.03885249	59.58816331	59.61597861	72.23268838	74.50921881	63.61249152	62.77392514	68.06395664	0	62.62944053
2009-10	63.4056915	63.67953496	54.84882668	70.15947164	65.0688088	67.35241685	65.88151978	62.5306059	66.05360779	60.01524076	59.81357157	72.97601332	74.97666569	63.79475099	63.09603296	68.06395664	0	63.17707056
2009-11	63.93424893	64.56695611	55.29697371	70.5647307	65.01147254	68.6747329	66.60734455	62.87830262	66.23614053	60.35439813	60.00386693	73.89429844	75.32863831	64.06737597	63.71307307	68.66639115	0	63.66821951
2009-12	64.16795264	65.09022218	55.56057658	70.5504382	65.05861056	69.73910741	66.79205317	62.83017625	66.35318034	60.59670399	60.12731036	74.48307905	76.44930804	64.15370594	63.96828915	69.2303886	0	63.88287622
2010-01	64.52124597	65.48649391	55.70657675	70.60268705	65.223059	71.09093009	67.20949657	62.87594764	66.49475488	60.95694772	60.19477987	74.77384946	76.95905588	64.25280033	64.19934057	69.29232555	0	64.13046384
2010-02	65.15742982	66.44599797	56.13797592	70.89014412	65.37787638	73.90593801	67.68066539	63.17927259	66.78614613	61.2548566	60.42173782	75.32093436	77.50733821	64.59682083	64.79637861	69.84140763	0	64.6828507
2010-03	65.61105823	67.49630711	56.4417444	71.27655186	65.45959021	74.93098126	68.12344559	63.67670947	67.12348981	61.71381321	60.76378305	75.98169692	78.33079097	64.73245518	65.53722586	69.9139131	0	65.20330035
2010-04	65.93164351	68.54535767	56.65088601	71.64774979	65.53122482	76.00840294	68.6524552	64.12756506	67.44831498	62.17115692	60.93407387	76.36188849	78.7864957	64.77711193	66.31564364	70.54797932	0	65.66188718
2010-05	66.12606294	69.48911293	56.80706081	72.01260929	65.60191377	76.71631158	69.10992788	64.3471452	67.52025936	62.42910077	61.19485141	76.6825255	78.88786528	64.75864028	66.95044842	71.25297614	0	65.97800417
2010-06	66.22526601	70.30800846	56.97988389	72.31373916	65.68241007	77.44529527	69.44556367	64.38804329	67.59124545	62.85855134	61.49715856	77.56749028	79.3147323	64.75399511	67.823365	72.23654588	0	66.25711335
2010-07	66.26801477	71.17687939	57.11957743	72.63537699	65.783744	77.74673499	69.60705694	64.3974174	67.82892283	63.00936825	61.83040203	78.67713609	80.07830372	64.7089283	68.37559203	73.38840291	0	66.49135666
2010-08	66.39618029	71.9355623	57.28287786	72.95253362	66.01179141	78.55442697	69.9157097	64.55900696	68.00873061	63.32613894	62.16544262	79.04329039	80.41388502	64.72480368	69.03985487	73.79372911	0	66.78003104
2010-09	66.85410886	72.68891825	57.61950576	73.43309693	66.07466191	78.95162475	70.09274637	65.09691307	68.19612918	63.85417848	62.50854691	79.62722702	81.21559883	64.74190684	69.74205231	73.84033125	0	67.25396183
2010-10	67.6233116	73.85468957	57.93789124	74.14639885	66.19610084	79.64172812	70.33896718	65.86509975	68.50592754	64.06266882	62.8731002	80.09344026	81.4334899	64.80537042	70.70114459	74.00685928	0	67.90985529
2010-11	68.37762413	75.59086533	58.59417293	74.99441921	66.46716428	80.90654675	70.88423251	66.80014134	68.76440528	64.76223717	63.49662532	81.11278925	82.38396708	65.30251413	72.83769101	74.95196168	0	68.85560704
2010-12	68.90656015	77.16253907	59.03602008	75.18974661	66.95864776	82.627955	71.15624372	67.30328868	69.01921816	65.6737248	63.97348563	81.95703925	82.82747705	65.66765223	74.28092129	75.65391374	0	69.53519451
2011-01	69.68967208	78.63870915	59.51088705	75.2526479	67.41034371	83.78889947	71.89344393	68.00849797	69.56804736	66.27114495	64.40146418	82.6842229	83.30511156	65.94498887	75.53442658	76.63412177	0	70.2779056
2011-02	71.15704518	80.3381391	60.55190019	75.75277826	68.71052236	86.26233369	72.99451025	69.69657983	70.47288693	67.50849292	65.05607974	84.3294903	84.35478395	66.34663888	77.61626955	77.59523501	0	71.71467133
2011-03	72.43198582	82.3810335	61.61497787	76.52689964	70.70636452	87.78679437	74.48226953	71.8599795	71.81036398	69.36939852	66.07148612	85.41697521	85.49575536	67.49582739	80.38929224	77.93264357	0	73.3658144
2011-04	72.91577345	84.38848307	62.72365961	77.02132276	73.12510781	89.05096259	75.76672734	73.08231085	73.42319142	70.77610625	67.36235091	86.48465581	87.07013855	68.2123757	82.92203238	78.42637339	0	74.57469701
2011-05	73.15435285	86.10970334	63.74838292	76.94731159	75.63466491	89.74359751	76.9491554	73.64608094	74.49260384	72.28297514	68.36471932	87.53847452	89.6089684	68.88254814	84.16953061	78.63685751	0	75.40341932
2011-06	73.49327411	87.18948697	64.38939125	76.9775571	77.14697273	90.66852083	78.00024529	74.10267393	75.36280121	73.47942248	68.9820983	88.41692578	90.98851748	69.40079042	84.84108277	79.00261605	0	76.02266736
2011-07	74.31360216	88.01522034	64.98172774	77.05268555	78.18385689	91.70729053	78.77669448	74.8344861	76.6844565	75.16861536	69.68637889	89.19636467	91.38147278	69.99057222	85.67082511	79.6417123	0	76.7837907
2011-08	75.58508075	89.01842385	65.8539867	77.3206686	79.63287778	92.86515576	79.54092853	76.12365173	79.51002767	76.89937981	70.98236328	90.21128597	91.95189236	70.41194221	86.66984348	80.607283	0	77.91940078
2011-09	77.25716253	90.0451546	66.97708436	77.92816732	81.12366823	93.63046202	80.50499297	77.75320989	81.27166708	78.69777079	72.08232448	91.53625014	93.09773765	71.03672809	88.08295997	81.61832774	0	79.28497783
2011-10	78.05673513	90.86146975	67.80358022	78.60269263	82.2574954	94.22743263	81.5176503	78.64157058	82.17757307	79.90255095	73.29481171	92.42636903	94.57509099	71.74671394	89.06236814	83.16209667	0	80.16855292
2011-11	78.29069494	91.94127264	69.14189755	78.86212512	83.25319197	93.61641961	83.51042091	78.67533591	83.01108414	80.73235008	75.10169538	93.60364215	95.9121489	72.80692967	89.88543744	84.01123687	0	80.73499677
2011-12	78.15104552	92.20416209	69.752052	78.87875368	83.63488293	92.48646532	84.36932091	78.38152382	83.64103579	81.06457379	75.77931424	94.24011453	96.78006002	73.57826187	89.86207488	85.18072498	0	80.80542875
2012-01	78.10989973	92.50111716	70.52305349	78.91971302	84.3363751	91.48303304	85.58199716	78.28054641	84.50170579	81.54876928	76.53627003	94.93322532	97.21964727	74.60744284	89.99506082	87.19304604	0	81.0146705
2012-02	78.25973607	92.76560875	71.29552903	79.2047868	85.13117584	91.28729772	86.96973162	78.49153198	85.35636294	81.97103308	77.1887487	95.39524326	97.76780281	75.19979356	90.18474681	88.29887911	0	81.36843034
2012-03	78.44908429	93.17965856	72.13923156	79.39526387	85.86527986	91.06226713	88.31405437	78.82675628	86.30487961	82.67631691	78.03920257	96.14529703	98.65314723	76.08079332	90.62165887	88.46341168	0	81.81997511
2012-04	78.46825717	93.54118026	73.08638781	79.63525945	86.6651528	90.67964841	90.16624205	78.97804008	87.14960031	83.51251455	79.47774537	97.00590203	100.1945717	77.59541956	90.90544073	88.82168519	0	82.25654671
2012-05	78.41228863	93.64759766	73.71302893	79.89155779	87.5530798	90.17864294	90.70364555	78.94080597	87.56899758	84.15650212	80.22367279	97.18055497	100.4447491	78.52952703	90.9984964	88.97474896	0	82.43681003
2012-06	78.38890866	93.45633149	74.05267395	79.90484903	88.11648575	89.99830644	91.18099435	78.94425894	87.82171873	84.64125585	80.6567688	97.20625338	100.5388156	79.31237252	91.02118497	89.06905633	0	82.53792423
2012-07	78.34950285	93.16698124	74.5070794	80.02302466	88.39046305	89.6772722	91.62275106	79.02656936	87.96890098	85.35939221	81.6287982	97.06736151	100.5363801	80.2474331	91.0609678	89.12015654	0	82.66799776
2012-08	78.35412449	92.98584322	74.93090293	80.04663297	88.4593788	89.50285831	91.87058741	79.108788	88.08983977	86.06796986	82.04779539	96.99587863	100.3306409	80.85911613	90.95485272	89.16699968	0	82.75817232
2012-09	78.76082726	92.83731054	75.65965075	80.23319563	88.74302548	89.6298593	92.03696576	79.49407574	88.47795363	86.73179647	82.87145399	97.01079022	100.420668	81.37207867	90.93933041	89.16932329	0	83.08877614
2012-10	79.27320749	92.83454537	76.84593213	80.57944769	89.19006303	90.52745059	92.26379385	80.03208821	88.82671987	87.57805233	84.08682764	97.12203404	100.6314557	82.225971	91.1277583	89.32918741	0	83.61218395
2012-11	79.6823838	92.89297115	77.59017523	80.91205521	89.57930657	91.31550762	92.49923812	80.36473099	89.14034065	88.31008065	85.97625809	97.27179143	100.8187422	82.87128504	91.46754104	89.32918741	0	84.04506814
2012-12	79.87767023	92.75222902	78.29970848	80.98916266	89.97775315	92.04190581	92.58564348	80.46206331	89.23060463	88.69449374	86.95905897	97.35156014	100.7323635	83.6855984	91.56203818	89.70675614	0	84.27551886
2013-01	80.13970117	92.69451156	78.84307707	81.13912214	90.32036954	92.50350915	92.64761347	80.544053	89.40510971	89.26757778	87.84338779	97.47338118	100.7567276	84.42604942	91.69232164	90.22604294	0	84.51004388
2013-02	80.49861709	92.73184546	79.42732057	81.42039017	90.68482064	93.07110675	92.87883325	80.76389317	89.93802355	89.55259401	88.31111189	97.35250068	100.9623009	84.85275794	92.11368715	90.22865543	0	84.81411445
2013-03	80.92154053	92.96769807	80.35326684	81.91380645	91.03641342	93.95274377	93.08112849	81.20918577	90.52243337	89.91212917	89.03384944	97.5205639	101.0214183	85.4012376	92.55933596	90.56441655	0	85.27562982
2013-04	81.2556912	93.21828694	81.19808617	82.24275256	91.31565837	94.47762081	93.21291128	81.60936341	90.74066873	90.46189282	89.48526602	97.56830961	101.0435179	86.43584976	92.90746878	90.56441655	99.70361401	85.6682393
2013-05	81.43039879	93.25017776	81.61776826	82.50197232	91.45076156	94.81235575	93.27311379	81.8418606	90.80354067	90.76795788	89.69854687	97.54658749	100.9537281	86.7582729	93.15912831	90.56441655	99.73345293	85.87239026
2013-06	81.63324648	93.3572414	81.97629678	82.7780966	91.59840031	95.24361022	93.47067566	82.11887468	90.91216498	91.17055929	90.01454951	97.55071178	100.9284021	87.33666874	93.36074733	90.56441655	99.82729999	86.11738788
2013-07	82.15966335	93.46697217	82.27905906	83.21939065	91.70223542	95.59828726	93.72546348	82.51916102	91.2313631	91.73669673	90.43081399	97.75474172	100.988476	88.03947085	93.30894401	90.81044988	100.2042947	86.47674211
2013-08	82.96951817	93.48693151	82.58012894	83.95342516	91.92219086	96.08039401	94.13131414	83.29911383	91.61987776	91.88026751	90.67874268	97.88952943	100.7548367	88.47815052	93.62391883	91.16216679	101.3620006	87.02638988
2013-09	84.14604596	93.52216814	83.12429736	84.96595565	92.05928442	96.581337	94.18601201	84.76338515	92.12012429	92.37484945	91.15558143	98.08845137	100.7776073	89.30464151	93.93010183	91.16230941	102.1846236	87.90970293
2013-10	85.41150038	93.65946861	83.96431749	86.03366573	92.30644002	97.14938526	94.34839988	86.22785845	92.88088445	92.70452347	92.21212818	98.43750859	100.8123753	90.23395464	94.19719227	91.16230941	103.3844771	88.87307162
2013-11	86.27448439	93.78002021	85.19793547	87.04002872	92.65872294	97.79529556	94.55197998	87.15099132	93.57615679	93.20754246	92.96429188	98.76602475	100.8334042	91.20451224	94.37556667	91.20859789	104.1700188	89.61160926
2013-12	87.03966715	94.12764384	86.30130028	87.50224102	93.28870726	98.448039	94.68342567	87.92512106	94.31915673	94.16920871	94.42341098	98.87519782	100.865636	92.39399361	94.59705126	91.50108741	105.4210034	90.30136838
2014-01	87.73739354	94.2472997	86.74121792	87.88000706	93.42765238	98.80876108	94.71853825	88.40871026	94.88992371	94.82715759	95.18036324	98.96121752	100.8484153	92.92959996	94.84395615	91.75286536	106.0460685	90.74475765
2014-02	88.4427865	94.36176674	87.44116452	88.60986612	93.79391527	98.98633377	94.70180337	89.09076752	95.35360106	95.32598303	95.89088275	99.06121809	100.772085	93.46041974	95.11781936	91.9963406	106.1814699	91.28357748
2014-03	89.06146245	94.54179446	88.12944671	89.66862904	93.96493548	99.276813	95.03259583	89.86326103	95.70102837	95.91441036	96.58415027	99.27252064	100.7016876	94.44236729	95.47484031	92.15305405	106.0270646	91.88178374
2014-04	89.38657068	94.84300251	88.73460657	90.4245364	94.3175056	99.30261615	95.35270038	90.27235229	95.99321796	96.27515066	97.07347533	99.33138976	100.5903716	94.74561046	96.10212583	92.34014996	105.7454436	92.27202557
2014-05	89.46660747	94.95922965	88.9088605	90.53187337	94.50114878	99.22880533	95.56603243	90.40200128	96.00415396	96.56479639	97.27395175	99.31244662	100.4966733	94.87238293	96.2422686	92.34483029	105.5736954	92.38408002
2014-06	89.54384491	95.16372107	89.24250426	90.977476	94.75219026	99.12807261	95.69023036	90.57874165	96.15645843	96.95770364	97.64145147	99.27158785	100.3490695	95.06672872	96.32385014	92.4409448	105.4037579	92.55636038
2014-07	89.6427916	95.26544412	89.47433558	91.36671048	95.00840398	99.09129243	95.73936066	90.74730063	96.29968011	97.4519892	98.04736865	99.24123526	100.2159427	95.284631	96.42253426	92.49159379	104.1592242	92.71619757
2014-08	89.8454516	95.34594243	89.82913534	91.7069806	95.10452897	99.09961204	95.92441994	90.97435507	96.38873318	97.86358711	98.39445537	99.15471868	100.0586945	95.52525543	96.48443443	92.85037477	103.1727322	92.90890205
2014-09	90.17266037	95.64083181	90.35845045	92.09099031	95.36278117	99.01925238	96.22338716	91.46383663	96.45374548	98.14268299	98.84444768	99.05589273	99.96337703	95.8916744	96.71272705	93.09135093	102.8882403	93.25392636
2014-10	90.56280105	95.9229046	90.87321978	92.38631287	95.48644673	99.07063182	96.40698673	91.95403378	96.59528191	98.41079124	99.09415237	99.04277562	99.89409806	96.25198392	96.91795432	93.42992422	102.6076191	93.59763824
2014-11	90.88643127	96.04715169	91.60017489	92.72210805	95.59856183	99.06211508	96.6909455	92.36088457	96.66945099	98.6021995	99.23602416	99.06782412	99.87958985	96.50500699	97.11012124	93.77539653	102.0151513	93.89966678
2014-12	91.2693816	96.22184632	92.31774878	92.95994443	95.92123554	98.99266989	96.91359932	92.83864946	96.74533159	98.79262394	99.41985283	99.07520447	99.78107206	96.80381373	97.32320048	94.28960391	101.5575487	94.23804691
2015-01	91.64185636	96.37039116	92.82368692	93.25152667	96.27459424	98.97470989	97.04269349	93.15326612	96.82073779	98.82937103	99.45531306	99.07891051	99.70829334	96.90597939	97.36697831	94.51143059	101.3757371	94.49276516
2015-02	92.21213881	96.61043924	93.44409221	93.67922106	96.55478927	98.99498248	97.18324771	93.56106809	97.00261695	98.95969751	99.458266	99.09198178	99.69344639	97.07027808	97.57134607	94.75092615	101.300739	94.85147347
2015-03	93.15731408	96.94353378	94.35534816	94.33344573	96.97763853	99.01332761	97.38873454	94.2810644	97.41472984	99.00062499	99.56202895	99.1811644	99.68959087	97.47431623	97.90819651	95.1427321	101.2079492	95.44700256
2015-04	94.17744576	97.30943099	95.34677831	95.04731003	97.36403021	99.06870871	97.66844189	95.07602727	97.67090709	99.08380029	99.64743804	99.29756483	99.64007503	97.97331138	98.28705091	95.52466322	100.460848	96.09381995
2015-05	94.84871848	97.52183706	95.96517628	95.66816044	97.84051175	99.06384169	97.68006998	95.5991846	97.88724559	99.06216113	99.7244612	99.45495807	99.63888419	98.33952481	98.52485583	96.06697092	100.309789	96.53343025
2015-06	95.69926728	97.90126783	96.72089583	96.46794744	98.54609902	99.02162491	98.00655768	96.37685843	98.29032711	99.07261575	99.64500774	99.51466679	99.71845373	98.81936156	98.66657915	96.49111012	100.1504766	97.12907777
2015-07	96.44252662	98.16679179	97.51362044	97.05976421	98.76816783	99.0227987	98.16991918	97.05904993	98.35839311	99.36783315	99.66288219	99.62324081	99.70019618	99.08205574	98.8472717	97.05740335	99.96331798	97.63259538
2015-08	97.16274747	98.47294602	98.12299277	97.74023921	99.06701329	99.05477007	98.39237202	97.60672033	98.68806706	99.45970192	99.60133426	99.64231856	99.69992341	99.25471119	99.06577743	97.48504738	99.96331798	98.08947653
2015-09	98.10109395	98.8066788	98.92870214	98.55132986	99.32897182	99.252592	98.90636778	98.40122876	99.13312475	99.6567276	99.67331901	99.77450367	99.75225222	99.72030342	99.32407026	97.93855454	99.79262611	98.72023333
2015-10	98.67624698	99.15956722	99.33450021	98.998904	99.56743196	99.46159113	99.07299638	98.9078979	99.41026747	99.7435624	99.76343083	99.85273326	99.7980934	99.88114205	99.53699354	98.28093095	99.79262611	99.11779577
2015-11	99.51167053	99.73828561	99.80811368	99.68705712	99.89624607	99.79254588	99.6665812	99.5987654	99.88473072	99.90754864	99.87376432	100.0014187	99.90593693	100.0362197	99.86253225	99.06760379	99.9094753	99.69320873
2015-12	100	100	100	100	100	100	100	100	100	100	100	100	100	100	100	100	100	100
2016-01	100.3637726	100.2004371	99.99772759	100.1967535	100.0696904	100.2229241	100.3365614	100.3027254	100.119566	100.0464612	99.95286582	100.0223901	100.2368796	100.0119208	100.0983539	100.2482895	100.1224844	100.2122692
2016-02	100.6991086	100.4732936	99.942682	100.4349394	100.1263933	100.453677	100.5897885	100.5911975	100.2968013	100.0811151	99.87989528	100.0758121	100.339566	99.90307825	100.2674591	101.2021033	100.3824015	100.4202749
2016-03	100.9858389	100.6886808	99.72290973	100.7119568	100.2124811	100.627186	100.8183096	100.8447652	100.4388417	100.0940435	99.86003212	100.1058459	100.4276717	99.74070699	100.3438882	101.438894	100.6801818	100.5867774
2016-04	101.218198	100.9304844	99.41925534	100.8984137	100.2592104	100.7708211	101.02219	101.0343177	100.6000929	100.1418631	99.81582029	100.1663682	100.5844514	99.57986553	100.4552878	101.898642	100.7886146	100.7185479
2016-05	101.4745807	101.2135578	98.92362886	101.1057067	100.3396701	100.9051253	101.1638619	101.2605301	100.8333726	100.3144235	99.66991081	100.2299611	100.7252788	99.3742412	100.4741771	102.1265789	101.0596111	100.8512245
2016-06	101.7495766	101.4137522	98.58406526	101.217473	100.4784911	101.0005136	101.0577465	101.4185485	101.0183262	100.3570028	99.59483516	100.2912702	100.8127717	99.12187303	100.4486387	102.8103066	101.1807747	100.9522431
2016-07	101.9943923	101.6543275	98.14595829	101.4253996	100.5157333	101.1272905	100.9885294	101.6161379	101.220498	100.2956235	99.49420711	100.3441429	100.8410618	98.8111317	100.4143292	103.5860446	101.3524635	101.0540465
2016-08	102.1665122	101.9563651	97.79656424	101.6694519	100.5842711	101.2517144	100.9962057	101.7800509	101.3146666	100.2965272	99.26992741	100.3720912	100.9345967	98.54204269	100.3586017	104.3163533	101.5330826	101.1448891
2016-09	102.3568142	102.1176739	97.6025942	101.8485631	100.6150558	101.3566766	101.0280438	101.9337706	101.4734156	100.2991384	99.25467859	100.3940138	100.9728576	98.43521408	100.3304037	104.8138395	101.5890956	101.2411239
2016-10	102.679892	102.4624647	97.4729649	102.2536689	100.6947204	101.502587	101.0537591	102.2392094	101.7199679	100.2991384	99.17880984	100.41155	101.0960011	98.24835751	100.430315	105.075091	101.6880245	101.4454442
2016-11	102.9593301	102.9002363	97.37507763	102.5645214	100.8400794	101.8956903	101.0648274	102.6251577	102.1267816	100.2683957	99.04757713	100.5257892	101.2210284	98.12036575	100.5400367	105.6775	101.9177569	101.6870214
2016-12	103.0939595	103.1369281	97.29856901	102.6399243	100.8773938	102.0563473	101.0699301	102.7589327	102.3036059	100.1764463	98.98091664	100.5691598	101.2969619	97.88808	100.5458177	105.9655289	101.9823162	101.7707632
2017-01	103.1548892	103.3864766	97.13520533	102.7584674	100.9376628	102.1590215	101.1125975	102.8228718	102.4636325	100.1405495	98.81601962	100.589483	101.3809944	97.70375581	100.3612911	106.2718656	101.9820581	101.8069947
2017-02	103.1835984	103.5575479	97.09078741	102.8480642	100.9696338	102.2215537	101.1352946	102.8585424	102.6255973	100.0818125	98.64188578	100.6303143	101.48306	97.53642036	100.2729264	106.4407737	101.7046273	101.8303048
2017-03	103.2272632	103.6581262	97.04875841	102.8719082	100.9714706	102.2377571	101.165193	102.8856282	102.7105846	100.0697187	98.55520816	100.6718563	101.581537	97.38549789	100.1489309	106.5284781	101.2275695	101.84111
2017-04	103.3050256	103.7490827	97.01188043	102.913806	101.0119739	102.2667085	101.1790024	102.9108931	102.7684266	100.0689246	98.4377424	100.6866336	101.6298703	97.20313549	100.0315013	106.5667119	100.9135427	101.8566197
2017-05	103.4196926	103.8470782	96.97044855	102.9871011	101.0431155	102.2038199	101.1537301	102.9585367	102.8796398	100.0646105	98.27052164	100.7110035	101.705698	97.05045905	99.89699224	106.5623684	100.7345013	101.8826543
2017-06	103.7470334	103.9277725	96.92137268	103.1725037	101.1686787	102.1419128	101.1046376	103.0545716	102.9784498	100.0220991	98.2212711	100.7680905	101.7569167	96.88142699	99.42835189	106.5070292	100.3149974	101.948914
2017-07	104.1140525	103.935331	96.87578457	103.3293182	101.2066768	102.1023136	101.0440493	103.1268051	103.1461673	99.99141959	98.1217155	100.7781694	101.8554512	96.77485156	99.0430717	106.3687107	100.2809	102.013148
2017-08	104.4826078	103.8691104	96.91391743	103.4831227	101.2731292	102.1706924	100.8881857	103.1977521	103.3541921	99.92621704	98.01828613	100.7930238	101.9014063	96.46226229	98.57146959	106.2030263	100.028	102.0649368
2017-09	104.6496289	103.8081675	96.96605432	103.5308439	101.3951064	102.2392532	100.8072072	103.2223366	103.4637582	99.89503742	97.81793496	100.8594942	101.9884866	96.30054917	98.13229963	106.1945665	100.028	102.0735212
2017-10	104.8436762	103.7617339	97.04274035	103.5767259	101.5446588	102.3400406	100.6518591	103.2344448	103.580446	99.77913072	97.78607559	100.8957458	102.0473086	96.21966388	97.8095343	106.1926936	100.2657818	102.0995086
2017-11	105.058029	103.6490163	97.06478598	103.63087	101.6821614	102.4694002	100.3432549	103.1730805	103.5912141	99.64037946	97.60207599	100.9280604	102.0920276	96.10576249	97.43217408	106.0806579	100.4904778	102.0837579
2017-12	105.2385595	103.5427076	97.09250887	103.5529153	101.771072	102.6175342	99.9800972	103.0813713	103.7076743	99.63469933	97.45627887	100.9166505	102.1419351	95.96515375	97.26398499	106.0806579	100.5806	102.0607952
2018-01	105.4306732	103.4485098	97.08584135	103.4087491	101.9024953	102.7891812	99.74967093	102.989991	103.7390198	99.61933157	97.31192415	100.9405378	102.200573	95.78073495	97.05954992	106.0361842	100.5806	102.035907
2018-02	105.5577194	103.3369426	97.09652195	103.3506829	101.950253	102.7967681	99.62156441	102.9342505	103.664641	99.58165133	97.21269809	100.9215351	102.2157387	95.66021782	96.92524357	106.0361842	100.5806	102.0109996
2018-03	105.6817591	103.2430805	97.11059399	103.3072492	102.0077601	102.75605	99.5115466	102.8544669	103.6418084	99.50054803	97.1138112	100.8541793	102.3003722	95.39591849	96.69242365	105.9961842	100.5154137	101.9691585
2018-04	105.67335	103.2034093	97.19825445	103.2870082	102.1449493	102.7781047	99.20609183	102.7362325	103.6006836	99.43435787	96.89838658	100.8325273	102.4012437	95.19820476	96.25828832	105.9184957	100.1010015	101.8892829
2018-05	105.599565	103.0965322	97.27053803	103.1490084	102.2867148	102.8522696	98.80234825	102.5604649	103.5991143	99.39639573	96.78906772	100.8027934	102.4577178	95.04556295	95.77503619	105.9056579	99.97875879	101.7717352
